4294967279,303
2,5
2,1
4294967278,345
4294967279,286
4294967279,265
4294967279,282
4294967278,344
4294967278,343
4294967278,286
4294967279,275
9,2
4294967278,342
4294967279,412
9,6
9,5
4294967279,257
9,4
3,2
4294967278,341
3,4
4,2
4294967278,37
4294967278,36
4294967278,35
4294967278,34
4294967278,33
4294967278,32
4294967278,31
4294967278,30
4294967278,29
4294967278,28
4294967278,27
4294967278,26
4294967278,25
4294967278,24
4294967278,23
4294967279,174
4294967279,24
4294967279,23
4294967279,22
4294967279,21
4294967279,20
4294967279,17
4294967279,16
4294967279,15
4294967279,14
4294967279,13
4294967279,11
4,4
2,4
4294967294,1072
4294967294,186
4294967294,1068
4294967294,395
4294967294,179
4294967294,1078
4294967294,464
4294967294,119
4294967294,191
4294967294,468
4294967278,239
4294967279,411
4294967279,410
4294967278,340
4294967278,260
4294967278,0
4294967294,441
4294967294,120
4294967294,114
4294967279,409
4294967278,235
4294967278,230
4294967278,231
4294967279,231
4294967279,224
28,6
4294967279,228
28,5
28,4
4294967279,226
28,3
28,2
28,1
4294967279,225
4294967294,17
4294967294,99
4294967294,76
4294967279,223
4294967278,221
4294967279,221
4294967294,22
9,3
4294967294,426
4294967294,1067
4294967294,1152
4294967294,1
4294967294,162
4294967294,46
4294967279,219
4294967278,216
4294967279,216
4294967294,38
4294967294,37
4294967294,36
4294967294,393
4294967294,45
4294967294,44
4294967294,2
4294967294,0
4294967294,29
4294967294,92
4294967294,91
4294967294,88
4294967294,86
4294967294,85
4294967278,214
4294967279,280
4294967279,215
4294967279,214
4294967279,213
4294967278,211
4294967279,210
4294967279,212
4294967278,210
4294967279,211
4294967279,408
4294967278,209
4294967294,40
4294967294,41
4294967294,52
4294967294,1421
4294967294,83
4294967294,107
4294967294,43
4294967294,53
4294967294,417
4294967294,1163
4294967279,209
4294967294,7
4294967294,94
4294967294,93
4294967294,96
4294967294,95
4294967279,208
4294967294,9
4294967279,207
4294967294,8
0,7
4294967294,1246
4294967294,1086
4294967294,1245
4294967294,413
4294967294,28
4294967294,90
4294967294,87
4294967294,84
4294967294,42
4294967294,50
4294967294,470
4294967294,26
4294967294,11
4294967278,132
4294967278,131
4294967278,130
4294967278,129
4294967278,128
4294967278,127
4294967278,126
4294967278,125
4294967278,124
4294967278,123
4294967278,122
4294967278,121
4294967278,120
4294967278,119
4294967278,118
4294967278,117
4294967278,116
4294967278,115
4294967278,114
4294967278,113
4294967278,112
4294967278,111
4294967278,110
4294967278,109
4294967278,108
4294967278,107
4294967278,106
4294967278,105
4294967278,104
4294967278,103
4294967278,102
4294967278,101
4294967278,100
4294967278,99
4294967278,98
4294967278,97
4294967278,96
4294967278,95
4294967278,94
4294967278,93
4294967278,92
4294967278,91
4294967278,90
4294967278,89
4294967278,87
4294967278,86
4294967278,85
4294967278,84
4294967278,83
4294967278,82
4294967278,81
4294967278,80
4294967278,79
4294967278,78
4294967278,77
4294967278,76
4294967278,75
4294967278,74
4294967278,73
4294967278,72
4294967278,71
4294967278,70
4294967278,69
4294967278,68
4294967278,67
4294967278,66
4294967278,65
4294967278,64
4294967278,63
4294967278,62
4294967278,61
4294967278,60
4294967278,59
4294967278,58
4294967278,57
4294967278,56
4294967278,55
4294967278,54
4294967278,53
4294967278,52
4294967278,51
4294967278,50
4294967278,49
4294967278,48
4294967278,47
4294967278,46
4294967278,45
4294967278,44
4294967278,43
4294967278,42
4294967278,41
4294967278,40
4294967278,39
4294967278,38
4294967279,25
4294967279,19
4294967279,18
4294967279,12
4294967279,10
4294967279,9
4294967279,8
4294967279,7
4294967279,6
4294967279,5
4294967279,4
4294967294,12
4294967294,68
0,5
4294967279,407
4294967278,339
4294967279,194
4294967279,406
4294967278,338
4294967279,193
4294967279,192
4294967279,405
4294967279,260
4294967279,0
4294967278,337
4294967279,191
4294967278,189
4294967278,188
4294967279,189
4294967279,186
4294967278,187
25,6
4294967279,188
25,5
25,4
4294967294,1087
4294967279,187
25,3
25,2
25,1
4294967279,404
4294967294,5
4294967294,81
4294967278,336
4294967279,403
4,3
4294967294,67
4294967278,335
4294967279,402
4294967294,6
4294967279,182
